0 0
0.000333333333333333214 0.016336458658210432
0.000361128323807973547 0.016933546866927263
0.000391240998769069566 0.017525251177444665
0.000423864618271294763 0.018115504503677504
0.000459208557353457398 0.01870740539087637
0.000497499649785995506 0.01930415254929041
0.000538983643866810928 0.0199087172412602
0.000583926779608605773 0.020523610766709364
0.000632617497439930967 0.021150779672013405
0.000685368289386232101 0.02179153583913038
0.00074251770461156402 0.022446541282305763
0.000804432522192354677 0.023115845434760876
0.000871510105067836087 0.023798967008822253
0.000944180950274576018 0.024495007700289135
0.00102291145183223118 0.025202781803240232
0.00110820689401246349 0.025920944759818824
0.00120061469420148386 0.026648105033998986
0.00130072791616861428 0.02738290732222422
0.00140918907628863051 0.028124080441758844
0.00152669426714585827 0.02887043795953545
0.00165399762498487802 0.029620924068512695
0.00179191616967947528 0.030374427068584862
0.00194133504828226055 0.03112989600902329
0.00210321321580753118 0.03188622447086549
0.00227858958970605279 0.03264218997454709
0.00246858971753053605 0.03339648085856457
0.00267443300058420536 0.0341476867717246
0.00289744051991310805 0.034894315231254504
0.00313904351486857334 0.035634818940960204
0.00340079256865433079 0.036367625595338245
0.00368436755981025503 0.03709116680647213
0.00399158844350025552 0.03780390437969075
0.00432442693179757327 0.03850434065934673
0.00468501914793034366 0.039191111930586185
0.00507567933570103862 0.039862895224686036
0.00549891471206545666 0.040518502730444064
0.00595744155819360761 0.04115692887328114
0.00645420265228325435 0.041777667554908256
0.00699238615600808987 0.04237999403416026
0.00757544607581184509 0.04296389813184241
0.00820712443036686334 0.043529521420396636
0.00889147526646555907 0.04407836871325906
0.0096328906774762902 0.04461032299478475
0.0104361289913474011 0.04512822164710646
0.0113063453090672533 0.045634861463934556
0.0122491245895728039 0.046133575673701674
0.0132705174934423745 0.046628863793774726
0.0143770792154137052 0.04712597313204359
0.0155759115549504185 0.04763146874589745
0.0168747084948614734 0.04815375613280919
0.0182818055804924926 0.04870165068493509
0.0198062334163995324 0.04928579011400485
0.0214577756238415046 0.04991835198498024
0.0232470316310564272 0.05061312774698323
0.0251854846993030471 0.05138557653769479
0.027285575621252018 0.05225284093315587
0.0295607825647153377 0.0532337844658066
0.0320257075741428587 0.054348865864608555
0.0346961702850435774 0.05562007895571667
0.0375893094527814317 0.057070763207369896
0.0407236929473465403 0.0587253213122754
0.0441194369200375233 0.060608952534617885
0.0477983349068543395 0.06274703420992442
0.0517839976971733451 0.06516461945494349
0.0561020048653685377 0.06788562741314219
0.0607800689378919165 0.07093198349153985
0.0658482132494219857 0.0743224513363111
0.0713389646295412294 0.07807129933233341
0.0772875621565876358 0.0821868309585189
0.0837321833184391379 0.08666962916349893
0.0907141890317097049 0.09151047520085229
0.0982783890918628861 0.09668848124783389
0.106473329757876878 0.10216828107729044
0.115351605317147041 0.10789799395044365
0.124970195630220771 0.11380668823878105
0.135390831821688429 0.11980144964343682
0.14668039246420081 0.1257660825212109
0.158911332798277571 0.13155753033025452
0.172162149742599163 0.13700797004511522
0.186517885679166606 0.1419212640340845
0.202070674246573878 0.14607644856255833
0.21892033164423691 0.14923041836216758
0.23717499724250668 0.15112396449311616
0.25695182761004165 0.15149076324959593
0.278377748412629022 0.1500704602022929
0.301590269009071543 0.14662610017710415
0.326738364972125328 0.14096682175855618
0.353983434198424707 0.13297549598705977
0.383500332743601402 0.12264116218830937
0.415478497030490834 0.11009398458937701
0.450123159632631498 0.09563949110646862
0.487656666435843544 0.0797861813959885
0.528319903631280452 0.06325584967688617
0.572373843698263496 0.04696436730062086
0.620101220298842404 0.03195405113633125
0.671808342833400074 0.019263005388416504
0.727827062302914163 0.009720657604927232
0.788516901094599043 0.00368924426789993
0.854267360359650119 0.0008264169411226693
0.925500419791628004 0.00016273029343033408
1 0