0 0
0.000333333333333333214 0.016503264304098552
0.000361128323807973547 0.01711907550481801
0.000391240998769069566 0.017727900219279853
0.000423864618271294763 0.018333907577302095
0.000459208557353457398 0.01894045344960517
0.000497499649785995506 0.01955105660012175
0.000538983643866810928 0.020169041291557218
0.000583926779608605773 0.020797275087594342
0.000632617497439930967 0.021438040985908933
0.000685368289386232101 0.02209294685421881
0.00074251770461156402 0.022762894806279993
0.000804432522192354677 0.023448109588957853
0.000871510105067836087 0.024148218588231286
0.000944180950274576018 0.024862370387133837
0.00102291145183223118 0.025589374768298173
0.00110820689401246349 0.026327845331177054
0.00120061469420148386 0.02707632684869951
0.00130072791616861428 0.027833393052690523
0.00140918907628863051 0.028597706177132393
0.00152669426714585827 0.029368023728669403
0.00165399762498487802 0.03014325329289644
0.00179191616967947528 0.03092225122123091
0.00194133504828226055 0.031703944006629195
0.00210321321580753118 0.03248720756068637
0.00227858958970605279 0.033270788841626056
0.00246858971753053605 0.03405333322407529
0.00267443300058420536 0.03483336986363615
0.00289744051991310805 0.03560932580301696
0.00313904351486857334 0.03637955304187419
0.00340079256865433079 0.03714235887408672
0.00368436755981025503 0.03789603541103972
0.00399158844350025552 0.03863888591228435
0.00432442693179757327 0.039369233357927066
0.00468501914793034366 0.04008551694300407
0.00507567933570103862 0.040786192126667245
0.00549891471206545666 0.04146981818631501
0.00595744155819360761 0.04213511632639948
0.00645420265228325435 0.04278129992331888
0.00699238615600808987 0.04340730250322762
0.00757544607581184509 0.04401277100493027
0.00820712443036686334 0.044597448584822105
0.00889147526646555907 0.04516252009770638
0.0096328906774762902 0.04570731100091565
0.0104361289913474011 0.04623429806997123
0.0113063453090672533 0.04674583603255248
0.0122491245895728039 0.04724478224886348
0.0132705174934423745 0.04773518236762809
0.0143770792154137052 0.04822181283781496
0.0155759115549504185 0.04871080566996464
0.0168747084948614734 0.04921022681278876
0.0182818055804924926 0.04972851390595853
0.0198062334163995324 0.05027603448878653
0.0214577756238415046 0.050864790930888644
0.0232470316310564272 0.05150852069865371
0.0251854846993030471 0.052222780015656736
0.027285575621252018 0.05302499210910551
0.0295607825647153377 0.053934526633176
0.0320257075741428587 0.05497260796368953
0.0346961702850435774 0.05616230406329055
0.0375893094527814317 0.05752838319226049
0.0407236929473465403 0.05909707856681845
0.0441194369200375233 0.06089587980365638
0.0477983349068543395 0.06295295118959082
0.0517839976971733451 0.06529668326649218
0.0561020048653685377 0.0679549192582005
0.0607800689378919165 0.07095412711340374
0.0658482132494219857 0.07431825294880559
0.0713389646295412294 0.07806737679935366
0.0772875621565876358 0.08221620795836188
0.0837321833184391379 0.08677229261102722
0.0907141890317097049 0.09173378887077908
0.0982783890918628861 0.09708749695916806
0.106473329757876878 0.10280575754858305
0.115351605317147041 0.10884417394743022
0.124970195630220771 0.11513873286927608
0.135390831821688429 0.12160225674289322
0.14668039246420081 0.1281227026735825
0.158911332798277571 0.13455854637081124
0.172162149742599163 0.14074074878756948
0.186517885679166606 0.14646746851069933
0.202070674246573878 0.15150713863414886
0.21892033164423691 0.15559990303086726
0.23717499724250668 0.15846275584572422
0.25695182761004165 0.15979768748576909
0.278377748412629022 0.1593043090736566
0.301590269009071543 0.15669732226477603
0.326738364972125328 0.15173018098626823
0.353983434198424707 0.14422484945788328
0.383500332743601402 0.13410810623159636
0.415478497030490834 0.12145236103014061
0.450123159632631498 0.10651820155757469
0.487656666435843544 0.08979285635700518
0.528319903631280452 0.07201295480186973
0.572373843698263496 0.05415792080375515
0.620101220298842404 0.03739084874925308
0.671808342833400074 0.022926762907760086
0.727827062302914163 0.011808159771361815
0.788516901094599043 0.004598747127900535
0.854267360359650119 0.0010676232770601812
0.925500419791628004 0.0002523165065442687
1 0