0. 0
0.000341439362853353451 0.01662322527737234
0.000350677463244859983 0.0168066849182655
0.000360165512845884593 0.016991655031669738
0.000369910274367882188 0.017178135280290847
0.000379918693496545377 0.017366135109959508
0.000390197903842420183 0.01755562926186002
0.000400755232025462409 0.01774662929145213
0.000411598202897168249 0.01793913016459023
0.00042273454490399429 0.018133130351823592
0.000434172195595892486 0.01832862731437948
0.000445919307283885915 0.018525615664121173
0.00045798425285071767 0.01872409065801363
0.000470375631718716544 0.018924046733724352
0.000483102275979126932 0.019125480141106665
0.000496173256687280624 0.019328383286821172
0.000509597890328090529 0.019532749199138184
0.000523385745456477164 0.019738572036181
0.000537546649517462783 0.019945842494387495
0.000552090695850788321 0.020154557353907167
0.000567028250885053095 0.02036470359102916
0.000582369961526501005 0.020576264775973407
0.000598126762747718975 0.02078923893446336
0.000614309885381659213 0.021003619059917423
0.00063093086412653761 0.021219382382178676
0.000648001545767319296 0.021436521522269127
0.000665534097619640414 0.021655024016506767
0.000683541016202198837 0.02187487683535583
0.000702035136143783905 0.02209606457698194
0.000721029639331299257 0.022318571651830724
0.000740538064305296334 0.022542383648755552
0.000760574315909721098 0.022767483026212263
0.000781152675202738899 0.022993852219259286
0.000802287809635719305 0.023221474482470302
0.000823994783507621506 0.02345032897901393
0.000846289068702238845 0.023680396555896863
0.00086918655571595403 0.023911657555639985
0.000892703564983863629 0.024144089972193295
0.000916856858512350801 0.024377671619254193
0.000941663651826384236 0.024612379339798093
0.000967141626240075559 0.024848189196781424
0.00099330894145922919 0.025085077599724902
0.00102018424852487249 0.025323017978436363
0.00104778670310698777 0.02556198387984726
0.00107613597915793137 0.02580194790537209
0.00110525228293525219 0.02604288175085324
0.00113515636740392847 0.026284756250293848
0.00116586954702826875 0.02652754131044465
0.00119741371296403182 0.026771205893474526
0.00122981134866158694 0.027015718029814558
0.00126308554589123949 0.027261044833567314
0.00129726002120214741 0.02750715249444627
0.00133235913282654596 0.027754006252343855
0.00136840789804134819 0.0280015704271284
0.00140543201099948374 0.02824980838089275
0.00144345786104368621 0.02849868255140016
0.00148251255151579252 0.02874815441374889
0.00152262391907493819 0.028998184534749
0.00156382055353844821 0.029248732529712232
0.00160613181825954108 0.029499757105325757
0.00164958787105638055 0.02975121602146967
0.00169421968570739219 0.030003066146023223
0.00174005907402816334 0.0302552634152435
0.00178713870854566178 0.030507762891711778
0.0018354921457859458 0.03076051874592815
0.0018851538501919343 0.031013484277687728
0.00193615921868832506 0.031266611931340726
0.00198854460591113644 0.03151985335655539
0.00204234735011988135 0.03177316106215295
0.00209760579981081024 0.0320264814383368
0.00215435934105022908 0.0322797652522671
0.00221264842554734888 0.03253296150473095
0.00227251459948668577 0.032786017493960366
0.00233400053314055962 0.03303888073053674
0.00239715005128279856 0.033291497283857885
0.00246200816442532396 0.03354381346584887
0.00252862110089989911 0.03379577372644616
0.00259703633980786289 0.034047323389118374
0.00266730264486139028 0.03429840638596674
0.00273947009914036121 0.034548966803292655
0.00281359014078962338 0.03479894737891763
0.00288971559968210319 0.035048292047307514
0.00296790073507386364 0.035296943412276634
0.00304820127427799219 0.035544843830578925
0.00313067445238485436 0.03579193577048907
0.00321537905305703184 0.036038161610276925
0.00330237545042802233 0.03628346373997673
0.00339172565213456505 0.03652778461050696
0.00348349334351326714 0.036771066884545074
0.00357774393299301746 0.037013253437174654
0.00367454459871558239 0.03725428754680813
0.00377396433641753607 0.0374941129056945
0.00387607400860774361 0.03773267375711585
0.00398094639507540031 0.037969915069445956
0.00408865624476460569 0.03820578252126258
0.00419928032905250367 0.03844022271155721
0.00431289749646892456 0.038673183298604134
0.00442958872889653854 0.0389046130838611
0.00454943719929158056 0.0391344621413912
0.00467252833096628694 0.03936268201124337
0.00479894985847529893 0.03958922684135706
0.00492879189014942733 0.039814049484335715
0.00506214697232136666 0.04003710773364778
0.00519911015528908699 0.04025836046462947
0.0053397790610639909 0.04047776887810739
0.00548425395295206678 0.04069529655368362
0.00563263780701767948 0.04091090961961524
0.00578503638548085852 0.041124576973639713
0.00594155831210050125 0.041336272504994484
0.00610231514959714595 0.041545969389870735
0.00626742147917052315 0.041753647625531666
0.00643699498216856233 0.04195928965158571
0.00661115652396606496 0.042162882144541745
0.00679003024011282617 0.04236441710272313
0.0069737436248126037 0.042563887969617874
0.00716242762179603726 0.04276129680557287
0.0073562167176521873 0.04295664796530816
0.00755524903768534702 0.04314995198346628
0.00775966644436539531 0.0433412250471158
0.00796961463844177674 0.04353048917771178
0.00818524326279334788 0.04371777269166224
0.00840670600908796292 0.0439031103999486
0.00863416072732790807 0.04408654401672199
0.00886776953835921242 0.04426812252948417
0.00910769894942506895 0.044447902400551915
0.00935411997284568697 0.044625948102084104
0.00960720824790921302 0.04480233234506319
0.00986714416606054336 0.04497713659647026
0.0101341129994773436 0.04515045458994547
0.0104083050331247717 0.0453223757997707
0.0106899157003832058 0.0454930232717117
0.0109791457223455437 0.04566250388088673
0.0112762012508833293 0.04583095833742263
0.011581294015583778 0.045998524572723735
0.011894641474662385 0.0461653557231936
0.0122164669699586122 0.04633161671392052
0.0125469998861252544 0.04649748473637277
0.0128864758141248887 0.046663150520400515
0.01323513671914988 0.04682881745642048
0.0135932311130857429 0.04699469718165299
0.0139610142316407351 0.04716102823458287
0.0143387482162678735 0.047328052909524576
0.0147267023010091511 0.04749603175130502
0.0151251530043950456 0.04766524061181128
0.0155343843265361627 0.04783597121639961
0.0159546879515473847 0.048008531615082964
0.0163863634554489539 0.04818324644265508
0.0168297185196925776 0.048360457533773174
0.0172850691504647311 0.04854052426719942
0.0177527399039235402 0.048723823861866
0.0182330641175297708 0.048910751966336305
0.0187263841476367245 0.04910172288448365
0.019233051613508495 0.04929716992916196
0.0197534276479405004 0.0494975458250264
0.0202878831546607699 0.04970332297082095
0.0208367990726956928 0.049914993729597436
0.0214005666478885026 0.05013307072281375
0.0219795877117639968 0.05035808706281247
0.0225742749679383944 0.05059059638948169
0.023185052286278391 0.05083117333287318
0.0238123550050189925 0.05108041343093614
0.0244566302410556616 0.051338932995505036
0.0251183372086318177 0.05160736943238312
0.0257979475466487522 0.05188638185698225
0.0264959456548314945 0.05217664914400992
0.0272128290389899823 0.052478871661488444
0.02794910866562186 0.05279377007441442
0.028705309326109367 0.053122085601521304
0.0294819700107701935 0.05346457889938719
0.0302796442930287867 0.05382203023857879
0.0310989007239817969 0.054195239298930054
0.031940323237639151 0.05458502339687398
0.0328045115671294699 0.05499221740510811
0.033692081672166363 0.05541767360221023
0.034603666178080493 0.055862259428673164
0.0355399148267302525 0.05632685713428618
0.0365014949396123278 0.056812362827279785
0.0374890918935026005 0.05731968430818565
0.0385034096089656996 0.057849740515885754
0.0395451710520823077 0.05840345916644353
0.0406151187497510654 0.058981775463059
0.0417140153189328386 0.05958563007299004
0.0428426440102142175 0.06021596655847119
0.0440018092660781762 0.060873729814532825
0.04519233729427901 0.06155986294957284
0.0464150766567311482 0.06227530495054753
0.0476708988743309303 0.06302098758418885
0.0489606990481426668 0.06379783256909957
0.050285396497391735 0.06460674772522657
0.051645935414719589 0.06544862408636588
0.0530432855391671926 0.06632433151672076
0.0544784428473672824 0.0672347147327959
0.055952430263437658 0.06818058956047454
0.0574662983880815312 0.06916273746089331
0.0590211262474147208 0.07018190139663157
0.0606180220620532798 0.07123878031646273
0.0622581240370101707 0.07233402391278176
0.0639426011729629651 0.07346822687781661
0.0656726540994722191 0.0746419228288756
0.0674495159307431924 0.07585557823053377
0.06927445314454167 0.0771095858927185
0.0711487664848896861 0.07840426113472079
0.0730737918891854466 0.07973985711031585
0.0750509014404069641 0.08111641646760849
0.0770815043450794463 0.08253398739681331
0.0791670479377027392 0.08399255248651062
0.0813090187123548108 0.08549186288756082
0.0835089433822066574 0.0870315849293076
0.0857683899677041811 0.08861124609096495
0.08808896891419149 0.09023022734755527
0.0904723342397737995 0.09188775360546211
0.0929201847142369086 0.09358288406645149
0.0954342650698640216 0.09531450215804875
0.098016367245012781 0.09708130574053096
0.100668331661338928 0.09888179708121266
0.10339204853557743 0.10071427184275314
0.106189459226814609 0.10257680972553387
0.109062557620213482 0.10446726361359147
0.112013391548177216 0.10638324863222115
0.115044064249964176 0.10832213316899138
0.118156735870794602 0.1102810278910572
0.121353625001518334 0.11225677538886644
0.124637010259939063 0.11424594254744888
0.128009231914924609 0.11624480814341936
0.131472693554459175 0.11824935778224399
0.135029863798827032 0.12025527254289356
0.138683278060148546 0.12225792311940384
0.142435540349523548 0.12425236279763638
0.146289325133068027 0.12623332247870026
0.15024737923816972 0.12819520315423355
0.154312523811319324 0.13013207639739105
0.158487656328913623 0.13203767913023653
0.162775752662463552 0.13390541506020207
0.167179869199679143 0.135728354911061
0.17170314502294412 0.13749923969505348
0.176348804146730126 0.1392104868132369
0.181120157815549271 0.14085419728636026
0.186020606864079702 0.14242216575443326
0.191053644141147866 0.14390589544669635
0.196222856999294704 0.14529661304610958
0.201531929851701236 0.14658528921416777
0.206984646798293259 0.14776266326953585
0.212584894322901064 0.1488192700832259
0.218336664063392999 0.1497454702217238
0.224244055656759339 0.15053149294121262
0.230311279661173207 0.15116747077151074
0.236542660557113038 0.1516434922843472
0.242942639829682144 0.15194965052631573
0.24951577913432682 0.15207610490046453
0.256266763548206156 0.1520131483951535
0.263200404909532115 0.1517512686448313
0.270321645247260101 0.1512812423041155
0.277635560303573781 0.1505942045107087
0.285147363151677658 0.14968175485448834
0.292862407911469891 0.1485360460223496
0.300786193565751647 0.1471498987813132
0.308924367879686745 0.14551691074067985
0.317282731426308528 0.14363157951749445
0.325867241720941503 0.141489433458232
0.334684017467486938 0.13908715716801495
0.343739342919594515 0.1364227352667574
0.353039672359834189 0.1334956006407931
0.362591634700056453 0.13030676862153132
0.372402038206222363 0.12685899297687833
0.38247787535106903 0.123156924231893
0.392826327798073083 0.11920722881949183
0.403454771520257716 0.11501874617037784
0.414370782057499942 0.1106026186776225
0.425582139916079238 0.1059724128601373
0.437096836114319043 0.10114421020018173
0.448923077878272403 0.09613671369324003
0.461069294491512238 0.09097126250656053
0.473544143303197385 0.08567189429054763
0.486356515898690334 0.08026530428746301
0.499515544437134418 0.07478078461492459
0.513030608160499613 0.06925008990538291
0.526911340078740409 0.0637072894871011
0.541167633835828776 0.05818845265110245
0.555809650761559193 0.05273137216315362
0.570847827114145612 0.04737508827129213
0.58629288151878034 0.042159375910546755
0.602155822607451374 0.03712414507247095
0.618447956865466053 0.03230865699795186
0.635180896690271446 0.027750732571825993
0.652366568668320768 0.02348577522180745
0.670017222075874663 0.01954575358862385
0.688145437609810284 0.015958085883162308
0.706764136354650074 0.01274449828380844
0.725886588992206483 0.009919863382060655
0.745526425260405246 0.007491093374830037
0.765697643668034056 0.0054561547686948824
0.786414621472328324 0.0038033464067623902
0.807692124926522204 0.00251086673767794
0.829545319804656844 0.001546909611325693
0.85198978221115218 0.0008703901376936079
0.87504150968284633 0.000432525711948515
0.898716932591414608 0.00017943081578484672
0.923032925854300856 0.000055893753255493524
0.948006820962494223 0.000010403950454910526
0.973656418333743834 1.1780528486525451e-6
1. 0